feature	metadata	value	coef	stderr	N	N.not.0	pval	qval
ko00100	Group	Jackson Labs	0.0112268821780246	0.0013671115307898	50	32	2.00444657771961e-10	1.92426871461083e-07
ko05014	Group	Har__ar Transplant	0.0111416975995109	0.00144484517478395	50	50	1.05146648306888e-09	5.0470391187306e-07
ko04910	Group	Jackson Labs	0.00846179117092788	0.00112578353797649	50	50	2.0158408722843e-09	6.45069079130976e-07
ko03050	Group	Broad Institute	-0.00371962431328678	0.000541309096081297	50	40	1.7640539673452e-08	4.23372952162848e-06
ko04260	Group	Har__ar Transplant	0.0116216565753603	0.00178841395370034	50	46	6.23902376935333e-08	9.9177129851606e-06
ko03050	Group	Harvard BRI	-0.00350144488577072	0.000541309096081297	50	40	6.90252675009505e-08	9.9177129851606e-06
ko00944	Group	Har__ar Transplant	-0.00511841956162579	0.000797842795122085	50	50	8.26476082096717e-08	9.9177129851606e-06
ko00944	Group	Harvard BRI	-0.00441151500877591	0.000686450764085159	50	50	7.95605184807066e-08	9.9177129851606e-06
ko05120	Group	Har__ar Transplant	0.00459458828267954	0.000728409689370985	50	50	1.19022669549885e-07	1.1426176276789e-05
ko05143	Group	Jackson Labs	-0.00401334820476851	0.000633923605519756	50	50	1.09998320919792e-07	1.1426176276789e-05
ko05012	Group	Har__ar Transplant	0.0130092130201313	0.00208079434197563	50	50	1.43726818706116e-07	1.14981454964893e-05
ko00471	Group	Jackson Labs	-0.00426273765042695	0.000680795000851002	50	50	1.3923521288589e-07	1.14981454964893e-05
ko03050	Group	Har__ar Transplant	-0.00387701149899305	0.000629148636491187	50	40	1.94788078074207e-07	1.43843503808645e-05
ko00983	Group	Har__ar Transplant	-0.00485938096992557	0.000797697942785426	50	50	2.47368570444193e-07	1.69624162590304e-05
ko05010	Group	Har__ar Transplant	0.00590926579925731	0.000996054780593858	50	50	4.23784112712252e-07	2.54270467627351e-05
ko00944	Group	Broad Institute	-0.00407858411914309	0.00068645076408516	50	50	4.11244041286123e-07	2.54270467627351e-05
ko05142	Group	Jackson Labs	-0.00391078458744606	0.000667685553951868	50	50	5.46887034609782e-07	3.088303254267e-05
ko03050	Group	Brd__ar Transplant	-0.00364351463093857	0.000629148636491187	50	40	6.83533225741218e-07	3.6455105372865e-05
ko05412	Group	Jackson Labs	-0.00222293725948758	0.000394814270937115	50	45	1.17557772937772e-06	4.90675921827224e-05
ko04020	Group	Jackson Labs	-0.00222293725948758	0.000394814270937115	50	45	1.17557772937772e-06	4.90675921827224e-05
ko05414	Group	Jackson Labs	-0.00222293725948758	0.000394814270937115	50	45	1.17557772937772e-06	4.90675921827224e-05
ko04972	Group	Jackson Labs	-0.00222293725948758	0.000394814270937115	50	45	1.17557772937772e-06	4.90675921827224e-05
ko00930	Group	Jackson Labs	-0.00834330768655821	0.0014758889418663	50	50	1.0889401731594e-06	4.90675921827224e-05
ko00920	Group	Harvard BRI	0.00701057340657956	0.00125095731193133	50	50	1.2838124560164e-06	5.13524982406559e-05
ko00920	Group	Har__ar Transplant	0.00800087381373757	0.00145395319016046	50	50	1.80468573492308e-06	6.66345502125446e-05
ko05410	Group	Jackson Labs	-0.00217025762798239	0.000394374923551495	50	46	1.80353436379257e-06	6.66345502125446e-05
ko05211	Group	Jackson Labs	-0.00805683884498451	0.0015094729109506	50	50	3.14006115419497e-06	0.000111646618815821
ko05222	Group	Har__ar Transplant	0.00670091790388414	0.00127076170641461	50	50	3.89303644361074e-06	0.000114945630713595
ko05416	Group	Har__ar Transplant	0.00670091790388414	0.00127076170641461	50	50	3.89303644361074e-06	0.000114945630713595
ko05016	Group	Har__ar Transplant	0.00898541823924082	0.00170543339409943	50	50	3.95125605577984e-06	0.000114945630713595
ko05210	Group	Har__ar Transplant	0.00670091790388414	0.00127076170641461	50	50	3.89303644361074e-06	0.000114945630713595
ko04115	Group	Har__ar Transplant	0.00670091790388414	0.00127076170641461	50	50	3.89303644361074e-06	0.000114945630713595
ko05145	Group	Har__ar Transplant	0.00670091790388414	0.00127076170641461	50	50	3.89303644361074e-06	0.000114945630713595
ko00250	Group	Har__ar Transplant	-0.005492651516144	0.00104776557415628	50	50	4.31552115497104e-06	0.000121850009081535
ko03450	Group	Brd__ar Transplant	-0.00352003803481427	0.00067767815605455	50	50	5.06336588130479e-06	0.00013888089274436
ko05143	Group	Harvard BRI	-0.0026876364574552	0.000522197404349713	50	50	5.92917957621343e-06	0.000158111455365692
ko05143	Group	Broad Institute	-0.00267834243061557	0.000522197404349713	50	50	6.29017527222822e-06	0.000163204547603759
ko05142	Group	Broad Institute	-0.00277634234732689	0.000550008960321954	50	50	8.23209317769857e-06	0.000207968669752385
ko00944	Group	Jackson Labs	-0.00418151698759993	0.000833319621575968	50	50	9.08807616880077e-06	0.000223706490308942
ko04964	Group	Har__ar Transplant	-0.00576142150286792	0.00115685588287443	50	50	1.0291820793038e-05	0.000247003699032912
ko00450	Group	Har__ar Transplant	0.00480633022644784	0.000972941323828962	50	50	1.17521242443728e-05	0.000268619982728522
ko04070	Group	Jackson Labs	-0.00476772886433304	0.000964595016633138	50	50	1.16470563815185e-05	0.000268619982728522
ko05142	Group	Harvard BRI	-0.00271212253312833	0.000550008960321954	50	50	1.21036545330895e-05	0.000270221124459672
ko00121	Group	Jackson Labs	-0.00910598398799389	0.00190168537806712	50	50	1.93321678717668e-05	0.000412419581264358
ko00120	Group	Jackson Labs	-0.00910560960255815	0.00190152441477878	50	50	1.93189928168615e-05	0.000412419581264358
ko03450	Group	Har__ar Transplant	-0.00317016346714401	0.000677678156054549	50	50	2.77097381588961e-05	0.000578290187663918
ko01040	Group	Har__ar Transplant	0.00371357499669131	0.000800261808904301	50	50	3.13015487496356e-05	0.00063935078297128
ko00071	Group	Jackson Labs	-0.00620374241150622	0.00134132688600125	50	50	3.2901400533317e-05	0.000658028010666339
ko05143	Group	Har__ar Transplant	-0.00278558963442945	0.00060693564417125	50	50	3.69072464552183e-05	0.000723080746877746
ko00471	Group	Har__ar Transplant	-0.00296995737130308	0.000651811588639749	50	50	4.10776073438968e-05	0.000788690061002819
ko03050	Group	Jackson Labs	-0.00294370106049312	0.000657124319328656	50	40	5.26022579802462e-05	0.000982718631644209
ko04113	Group	Har__ar Transplant	0.00522953683180825	0.00116835716198527	50	49	5.32305925473947e-05	0.000982718631644209
ko05150	Group	Jackson Labs	-0.0202626377906464	0.00461681407192019	50	50	7.03524801943114e-05	0.00127430907521772
ko01040	Group	Jackson Labs	0.00365514104899308	0.000835846199069564	50	50	7.40127094016457e-05	0.0013157815004737
ko00440	Group	Har__ar Transplant	-0.00503309391250451	0.00115586542206326	50	50	7.85293827503533e-05	0.00137069468073344
ko00920	Group	Broad Institute	0.00541959116985313	0.00125095731193133	50	50	8.42343632679613e-05	0.00141868401293408
ko00061	Group	Har__ar Transplant	0.00512926347422854	0.00118260414411975	50	50	8.2930254635701e-05	0.00141868401293408
ko00250	Group	Brd__ar Transplant	-0.00445943073173556	0.00104776557415628	50	50	0.000107259841253455	0.00171615746005528
ko00592	Group	Jackson Labs	-0.00428964291354882	0.00100580187067864	50	50	0.000104327888176287	0.00171615746005528
ko00480	Group	Jackson Labs	-0.0104902845468776	0.00246375937504459	50	50	0.000106684111196191	0.00171615746005528
ko05142	Group	Har__ar Transplant	-0.00270812567474373	0.000639260248810825	50	50	0.000114179211170682	0.00179691873317794
ko03060	Group	Jackson Labs	-0.00288638786280881	0.000688024617019676	50	50	0.000129992340055088	0.00201278462020781
ko00633	Group	Jackson Labs	0.00755256153268108	0.00181892985107409	50	50	0.000148777263403411	0.00223991913696376
ko03013	Group	Brd__ar Transplant	0.00241669471613917	0.000582192711970427	50	50	0.00014932794246425	0.00223991913696376
ko00450	Group	Harvard BRI	0.00343941387301908	0.000837102646330496	50	50	0.000170464358253585	0.00251762744497602
ko05120	Group	Jackson Labs	0.0030718903365798	0.000760799107806715	50	50	0.000212634573881958	0.00309286652919211
ko00550	Group	Jackson Labs	-0.0043171651245993	0.0010770715688361	50	50	0.000232973180575215	0.00333812318436129
ko00350	Group	Jackson Labs	-0.00750920491739753	0.00190422508170708	50	50	0.000284544435958887	0.00401709791941959
ko03450	Group	Jackson Labs	-0.00277590301764232	0.000707811749390134	50	50	0.000304105753562438	0.00423103657130349
ko00430	Group	Jackson Labs	-0.00445836638665684	0.00113884704229125	50	50	0.000310711923914315	0.00426119209939632
ko00361	Group	Jackson Labs	-0.00504620534308915	0.00129869661458934	50	50	0.000339802094696473	0.00459450719589598
ko05120	Group	Harvard BRI	0.00242694281533997	0.000626711666625045	50	50	0.000353674164072395	0.00471565552096526
ko03020	Group	Jackson Labs	0.00994536230591407	0.00257963383005108	50	50	0.000372697041517291	0.00490122136789862
ko00980	Group	Jackson Labs	-0.00965917155938732	0.00252403818117775	50	50	0.000406445711121607	0.00513405108785188
ko00791	Group	Jackson Labs	-0.0104361785217996	0.00272249945476699	50	50	0.000398566870559492	0.00513405108785188
ko00982	Group	Jackson Labs	-0.00966651095518935	0.00252379564438735	50	50	0.000402416647144428	0.00513405108785188
ko05111	Group	Har__ar Transplant	0.00224254068891511	0.000589615179217518	50	50	0.000436479814830204	0.00544182626281813
ko00121	Group	Har__ar Transplant	-0.00690681186003926	0.00182072513138532	50	50	0.000449855912218562	0.00546660349025088
ko00120	Group	Har__ar Transplant	-0.00690663558072331	0.00182057102076971	50	50	0.000449550299043945	0.00546660349025088
ko00471	Group	Harvard BRI	-0.00212422806825793	0.000560807925818081	50	50	0.000457607926504696	0.00549129511805635
ko00311	Group	Jackson Labs	-0.00735867129447613	0.00194703054857077	50	50	0.000469344557545574	0.0055626021635031
ko03440	Group	Jackson Labs	-0.00570920698091066	0.00151237980976346	50	50	0.000475705491595561	0.00556923502355779
ko00860	Group	Jackson Labs	0.0227899730102191	0.00604442202460719	50	50	0.000482321130227248	0.00557865403636336
ko00983	Group	Jackson Labs	-0.0031336020646012	0.000833168328244617	50	50	0.000496134114748562	0.005670104168555
ko04011	Group	Jackson Labs	0.00312338215779935	0.00083464127168541	50	50	0.000525211307036235	0.00593179829123277
ko00740	Group	Harvard BRI	0.00507720380785984	0.00135877213272837	50	50	0.000534103425672803	0.0059620847516964
ko00250	Group	Jackson Labs	-0.00404917737820356	0.00109435545084121	50	50	0.000596122127694057	0.00657789934007235
ko03450	Group	Broad Institute	-0.00215360934176685	0.000583063093220368	50	50	0.000607750593863751	0.00663000647851364
ko00230	Group	Jackson Labs	-0.00942553067290105	0.00256078997992471	50	50	0.000631689870358661	0.00681373343308219
ko00830	Group	Jackson Labs	-0.00945975358213948	0.00258761361223959	50	50	0.000680544031139456	0.00725913633215419
ko00310	Group	Jackson Labs	0.00454637589099504	0.00125229987112273	50	50	0.000733962629750106	0.00765874048434893
ko04964	Group	Harvard BRI	-0.00361703109858277	0.000995339695477287	50	50	0.000726260052512709	0.00765874048434893
ko00121	Group	Harvard BRI	-0.0055782741280641	0.00156652183270923	50	50	0.000901755024419144	0.00916606956446215
ko00120	Group	Harvard BRI	-0.00557468789392336	0.00156638923848079	50	50	0.000907058967316567	0.00916606956446215
ko00791	Group	Brd__ar Transplant	0.00928430390810505	0.00260659477884577	50	50	0.000899305473724377	0.00916606956446215
ko05211	Group	Har__ar Transplant	-0.00511877775720893	0.00144521028336797	50	50	0.000953791399795471	0.00953791399795471
ko00510	Group	Jackson Labs	-0.0046750587577375	0.00133155044871114	50	50	0.00104442794239996	0.0102311308643261
ko00960	Group	Brd__ar Transplant	-0.00504935835832899	0.00143717374355345	50	50	0.00103708616473695	0.0102311308643261
ko03030	Group	Jackson Labs	-0.00521938322609883	0.00150081711042769	50	50	0.00115128383674111	0.0111639644774895
ko05340	Group	Jackson Labs	-0.00465678231130107	0.00135222262468907	50	50	0.00127075962895826	0.0120785073643557
ko00930	Group	Har__ar Transplant	-0.00486799074465266	0.00141305608098061	50	50	0.00126629684392936	0.0120785073643557
ko00401	Group	Brd__ar Transplant	-0.00465273961920409	0.00135532309048478	50	50	0.00131148390975361	0.0121060053208025
ko00900	Group	Jackson Labs	-0.00267431860959334	0.000778032393777747	50	50	0.00129503787920283	0.0121060053208025
ko00471	Group	Broad Institute	-0.00192550505454342	0.000560807925818082	50	50	0.00130954122129175	0.0121060053208025
ko02060	Group	Jackson Labs	-0.0274831883629587	0.00801754421914099	50	50	0.00133086592597302	0.0121679170374676
ko03008	Group	Jackson Labs	-0.00163634351352976	0.000482297015748407	50	50	0.00147299900069257	0.0133403683081592
ko04622	Group	Brd__ar Transplant	0.00578701723397035	0.00171292940547083	50	50	0.00153536693908191	0.0137093615374923
ko03010	Group	Jackson Labs	-0.00932368970505705	0.00276104631417971	50	50	0.00154230317296788	0.0137093615374923
ko00360	Group	Brd__ar Transplant	-0.00527262254357981	0.00156642657699297	50	50	0.00159122101059366	0.0139522153516844
ko05014	Group	Harvard BRI	0.00418234470361794	0.00124312092592556	50	50	0.00159869134238051	0.0139522153516844
ko00900	Group	Har__ar Transplant	-0.00249697439010837	0.000744909304515369	50	50	0.00165638171084486	0.0143254634451447
ko00362	Group	Harvard BRI	-0.00576502554053222	0.00172594363565737	50	50	0.00171357080835851	0.0146877497859301
ko05215	Group	Jackson Labs	0.0029501361635573	0.00088766104174499	50	50	0.00179758665354926	0.0150059407600634
ko04914	Group	Jackson Labs	0.0029501361635573	0.00088766104174499	50	50	0.00179758665354926	0.0150059407600634
ko04612	Group	Jackson Labs	0.0029501361635573	0.00088766104174499	50	50	0.00179758665354926	0.0150059407600634
ko05340	Group	Har__ar Transplant	-0.00428711310636956	0.00129465459659874	50	50	0.00186079724473765	0.0153997013357599
ko03420	Group	Jackson Labs	-0.00316743841699228	0.000958525308594207	50	50	0.00189780848433075	0.0155717619227139
ko03410	Group	Jackson Labs	-0.00388202459249752	0.00118596177542999	50	50	0.00207382378352503	0.0168717867134239
ko00440	Group	Harvard BRI	-0.0032489401326705	0.000994487519353389	50	50	0.00211160823288006	0.0168928658630405
ko00627	Group	Jackson Labs	-0.00724125133940745	0.00221544968757266	50	50	0.00210219564481065	0.0168928658630405
ko00121	Group	Broad Institute	-0.00508712720102467	0.00156652183270923	50	50	0.00223177713626205	0.0177066615769551
ko04930	Group	Har__ar Transplant	-0.00149988846150304	0.00046229481542577	50	50	0.00225053812478853	0.0177091524573523
ko03450	Group	Harvard BRI	-0.00188643462192168	0.000583063093220368	50	50	0.00230883555110388	0.0179234723441985
ko00120	Group	Broad Institute	-0.00506636755444916	0.00156638923848079	50	50	0.00231511517779231	0.0179234723441985
ko00400	Group	Jackson Labs	0.0121869404193723	0.0037765539483643	50	50	0.00236410469198423	0.0181563240344389
ko03430	Group	Jackson Labs	-0.00372712112462782	0.00115645608802165	50	50	0.00239170318992363	0.0182225004946562
ko00621	Group	Jackson Labs	-0.00619252090453078	0.00192402337142874	50	50	0.00242121638362849	0.0183021080967193
ko00240	Group	Jackson Labs	-0.00844869003462008	0.00263443240125262	50	50	0.00250083377668696	0.0187516503999125
ko00770	Group	Brd__ar Transplant	-0.00388175932943638	0.00121140584685234	50	50	0.00251975302248825	0.0187516503999125
ko00630	Group	Jackson Labs	0.00696784637740246	0.00218591848808906	50	50	0.00264089947640858	0.0195020269027095
ko00944	Group	Brd__ar Transplant	-0.00252589714952829	0.000797842795122086	50	50	0.00280615912449155	0.0205642195382587
ko05020	Group	Har__ar Transplant	0.00360304923398234	0.00114686621700535	50	50	0.00300249238522571	0.0216849920423224
ko00473	Group	Jackson Labs	-0.00502882230382738	0.00160080467942578	50	50	0.00300427493919676	0.0216849920423224
ko00740	Group	Broad Institute	0.00426340914754137	0.00135877213272837	50	50	0.00303570065381799	0.0217483031915319
ko00562	Group	Jackson Labs	-0.00406139867474301	0.00130627203083989	50	50	0.00328581821486688	0.0230336150101245
ko00626	Group	Jackson Labs	-0.00964124854142983	0.00309650966610926	50	50	0.00324573019248966	0.0230336150101245
ko04910	Group	Har__ar Transplant	0.00335106688307255	0.00107785567672453	50	50	0.00328708880873651	0.0230336150101245
ko04070	Group	Broad Institute	-0.0024636682453801	0.000794589457702085	50	50	0.00336488860278064	0.0234079207149958
ko00642	Group	Brd__ar Transplant	0.00519184331965263	0.00169675192844481	50	50	0.00376395155163354	0.0259956366155985
ko05012	Group	Jackson Labs	-0.00663650081397958	0.00217331880946198	50	50	0.00382903036748758	0.0262562082342005
ko00908	Group	Jackson Labs	-0.00308043564982777	0.00101391672931273	50	50	0.00399478480163939	0.0271985348196725
ko04141	Group	Jackson Labs	-0.00263075476537405	0.000870705670705157	50	50	0.00418181985743404	0.0278787990495603
ko05120	Group	Broad Institute	0.00189422280482786	0.000626711666625045	50	50	0.0041695890461788	0.0278787990495603
ko00643	Group	Har__ar Transplant	-0.00312100787144679	0.00103188740759123	50	50	0.00414594854011838	0.0278787990495603
ko00592	Group	Broad Institute	-0.00249580702134749	0.000828533787959885	50	50	0.00428670702030555	0.0282565075098937
ko04626	Group	Har__ar Transplant	0.00589739273458923	0.00195835074290562	50	50	0.004297343850463	0.0282565075098937
ko03070	Group	Har__ar Transplant	0.002540190508393	0.000845735926926011	50	50	0.00439051327216034	0.0286727397365573
ko04622	Group	Jackson Labs	-0.00536786778283183	0.0017890964143317	50	50	0.00442892244669562	0.0287281456001878
ko00623	Group	Jackson Labs	-0.01108314550337	0.00369914573277172	50	50	0.00447959831149252	0.0288618414700189
ko00300	Group	Har__ar Transplant	-0.00210340365565118	0.000702804384679769	50	50	0.00451948477420904	0.0289247025549378
ko05014	Group	Jackson Labs	0.00450891685683498	0.00150909156747175	50	50	0.00458168355718939	0.0290300416676528
ko05111	Group	Harvard BRI	0.00151511355914862	0.000507295162361077	50	50	0.00459642326404503	0.0290300416676528
ko04940	Group	Har__ar Transplant	-0.0012454643427673	0.000418151509908912	50	50	0.00469908140044901	0.029292974963838
ko00622	Group	Harvard BRI	-0.00390433390894335	0.00130986922588436	50	50	0.00467110036952013	0.029292974963838
ko00513	Group	Har__ar Transplant	0.00329512776767449	0.00110940112774722	50	49	0.00480600547339956	0.0297662274481521
ko00564	Group	Brd__ar Transplant	0.00280990875063624	0.00095011840874044	50	50	0.00497448935006695	0.0304172597201546
ko00710	Group	Brd__ar Transplant	-0.00252445791862881	0.000852957075086766	50	50	0.00494472154715695	0.0304172597201546
ko00450	Group	Broad Institute	0.00246832461555685	0.000837102646330497	50	50	0.00509361942250145	0.0309485737063379
ko00250	Group	Harvard BRI	-0.00260197674693392	0.000901480195546099	50	50	0.00601909691348503	0.0361145814809102
ko00030	Group	Har__ar Transplant	-0.00482685410181145	0.0016714544954948	50	50	0.00599543288892293	0.0361145814809102
ko00300	Group	Brd__ar Transplant	-0.00201005201736747	0.00070280438467977	50	50	0.00645476415136413	0.0384880346913638
ko00622	Group	Har__ar Transplant	-0.00431986845840962	0.00152242488332977	50	50	0.00685164121851215	0.0396342854009454
ko01040	Group	Harvard BRI	0.00195962065771195	0.000688532043591958	50	50	0.00669782483904109	0.0396342854009454
ko01040	Group	Broad Institute	0.00195716914512228	0.000688532043591959	50	50	0.00676116558070576	0.0396342854009454
ko05146	Group	Jackson Labs	-0.00382545821953887	0.00134804377787593	50	50	0.00684634574134155	0.0396342854009454
ko00791	Group	Har__ar Transplant	0.00739311673921342	0.00260659477884576	50	50	0.00687301378850614	0.0396342854009454
ko04621	Group	Har__ar Transplant	0.00252998221080979	0.000892372842175593	50	50	0.00689471423120612	0.0396342854009454
ko04260	Group	Jackson Labs	-0.00527532280074553	0.00186793745363171	50	46	0.00709711331738501	0.0405549332422
ko02040	Group	Har__ar Transplant	0.0294340570004426	0.010431884421194	50	50	0.00714578414839071	0.0405914365825744
ko00190	Group	Brd__ar Transplant	-0.00679974106352154	0.00242369695829158	50	50	0.00745314771017073	0.0420883635397877
ko02040	Group	Jackson Labs	0.0305155240739559	0.0108957479234533	50	50	0.00754842599638591	0.042377128400763
ko00720	Group	Brd__ar Transplant	-0.00520909752002918	0.00186778060819812	50	50	0.00778449234701136	0.0434483293786681
ko03013	Group	Jackson Labs	-0.00168874482024357	0.000608080455685816	50	50	0.00802721736706823	0.04403502098506
ko00052	Group	Har__ar Transplant	-0.00693438376754248	0.00249503733615423	50	50	0.00798338798576541	0.04403502098506
ko02030	Group	Jackson Labs	0.0277054469294126	0.00996223247325343	50	50	0.00794641430581026	0.04403502098506
ko04964	Group	Broad Institute	-0.00275835384086074	0.000995339695477288	50	50	0.00815181446667084	0.0444644425454773
ko02030	Group	Har__ar Transplant	0.0263551566505227	0.0095381114236633	50	50	0.00832623368534339	0.0451592335476252
ko05143	Group	Brd__ar Transplant	-0.00167272915833942	0.00060693564417125	50	50	0.00848183472047259	0.0457447265823241
ko00622	Group	Jackson Labs	-0.0043676491762426	0.00159012093035204	50	50	0.00868881575273103	0.0465992353219094
ko04621	Group	Jackson Labs	0.00255471011164739	0.000932053035626708	50	50	0.0088202801499941	0.0467815963756593
ko04113	Group	Jackson Labs	-0.00334693278411086	0.00122030925646469	50	49	0.00878051934601721	0.0467815963756593
ko00903	Group	Brd__ar Transplant	0.00372519581663712	0.00136356418907551	50	50	0.00902811645903603	0.0476208340696406
ko00250	Group	Broad Institute	-0.00245644858010145	0.0009014801955461	50	50	0.00919415222140607	0.0482316182106548
ko04070	Group	Harvard BRI	-0.00216342564297161	0.000794589457702084	50	50	0.00924677564905334	0.0482440468646261
ko00260	Group	Brd__ar Transplant	-0.00355301389042071	0.00130913598752335	50	50	0.00945623851206598	0.0490702106572073
ko00740	Group	Jackson Labs	0.00446886730880018	0.00164948680764045	50	50	0.00957311113969131	0.0494096058822777
ko00130	Group	Jackson Labs	-0.0113221836702176	0.00421135419483415	50	50	0.010097665947066	0.0513085802423369
ko00643	Group	Jackson Labs	-0.00289742281765417	0.0010777712467421	50	50	0.0101013767352101	0.0513085802423369
ko00710	Group	Har__ar Transplant	-0.00229490310148017	0.000852957075086766	50	50	0.0100450695029333	0.0513085802423369
ko00920	Group	Jackson Labs	0.00407027966611386	0.00151860457927465	50	50	0.0103124527184007	0.0521050242613932
ko00950	Group	Brd__ar Transplant	-0.00368226325428296	0.00137694762885656	50	50	0.0104734563327595	0.0523672816637977
ko03420	Group	Har__ar Transplant	-0.0024547742379702	0.000917718113918603	50	50	0.0104561772650212	0.0523672816637977
ko00521	Group	Har__ar Transplant	-0.00376545512116656	0.00141022754287379	50	50	0.0105842574068296	0.0526470834743856
ko00562	Group	Har__ar Transplant	-0.003321423267282	0.00125066025243004	50	50	0.0109794601818422	0.0543313493534458
ko04974	Group	Jackson Labs	-0.00747349794909714	0.00282759802803215	50	50	0.0113394452608087	0.0555237553702257
ko05016	Group	Harvard BRI	0.00387350384892534	0.00146732672605856	50	50	0.0114325078868126	0.0555237553702257
ko01055	Group	Har__ar Transplant	-0.00135078184400713	0.000511491504542224	50	50	0.0114026081188358	0.0555237553702257
ko03008	Group	Har__ar Transplant	-0.00121867621812571	0.00046176423686751	50	50	0.011451774545109	0.0555237553702257
ko00592	Group	Harvard BRI	-0.0021783833814164	0.000828533787959885	50	50	0.0117450614934454	0.0566595931342092
ko00906	Group	Jackson Labs	0.00449652901982739	0.00172524192924032	50	50	0.0124444068163429	0.0597331527184462
ko00280	Group	Harvard BRI	-0.0027491756093821	0.00105691068454113	50	50	0.0126077540627417	0.0602161388071246
ko05222	Group	Jackson Labs	-0.00342386313931554	0.0013272673147855	50	50	0.0133079129819082	0.0609314559265166
ko05416	Group	Jackson Labs	-0.00342386313931554	0.0013272673147855	50	50	0.0133079129819082	0.0609314559265166
ko00253	Group	Har__ar Transplant	0.00448057049323369	0.00173768674976214	50	50	0.0133468302798484	0.0609314559265166
ko05215	Group	Har__ar Transplant	0.00219021335651612	0.000849870743865883	50	50	0.0133922262505156	0.0609314559265166
ko05210	Group	Jackson Labs	-0.00342386313931554	0.0013272673147855	50	50	0.0133079129819082	0.0609314559265166
ko04115	Group	Jackson Labs	-0.00342386313931554	0.0013272673147855	50	50	0.0133079129819082	0.0609314559265166
ko04914	Group	Har__ar Transplant	0.00219021335651612	0.000849870743865883	50	50	0.0133922262505156	0.0609314559265166
ko05145	Group	Jackson Labs	-0.00342386313931554	0.0013272673147855	50	50	0.0133079129819082	0.0609314559265166
ko00340	Group	Jackson Labs	0.00695264020535646	0.00268686923813082	50	50	0.0130433595829285	0.0609314559265166
ko04612	Group	Har__ar Transplant	0.00219021335651612	0.000849870743865883	50	50	0.0133922262505156	0.0609314559265166
ko00300	Group	Broad Institute	-0.00155009455627788	0.000604681285355225	50	50	0.013856551540459	0.0618711138550728
ko00280	Group	Broad Institute	-0.00271034685818119	0.00105691068454113	50	50	0.0138249240916933	0.0618711138550728
ko00601	Group	Jackson Labs	-0.00311402247650879	0.00121432688184691	50	37	0.0138250161880941	0.0618711138550728
ko04614	Group	Brd__ar Transplant	0.000155402809410986	6.05592696406946e-05	50	9	0.0137655313685302	0.0618711138550728
ko00621	Group	Harvard BRI	-0.00405610064311539	0.00158492285461511	50	50	0.014006539651926	0.0622512873418934
ko00010	Group	Jackson Labs	-0.00789090711848974	0.00309137042432715	50	50	0.0142396814553349	0.0628208820934705
ko00513	Group	Harvard BRI	0.00243574879683088	0.000954510407908719	50	49	0.0142655753087256	0.0628208820934705
ko01051	Group	Jackson Labs	0.00522348145050237	0.00205331516568834	50	50	0.0145491076405349	0.0637769102050847
ko03320	Group	Brd__ar Transplant	-0.00443273395848455	0.00174437110982341	50	50	0.014649356838914	0.0639244662061701
ko00300	Group	Harvard BRI	-0.00153225670144606	0.000604681285355225	50	50	0.0149127555228391	0.0647793905064502
ko00900	Group	Harvard BRI	-0.00162027112619006	0.00064090766299453	50	50	0.0151326963997188	0.0654386871339192
ko00970	Group	Jackson Labs	-0.00426031172721534	0.0016890055511412	50	50	0.0153482564852269	0.0660732117749677
ko05146	Group	Har__ar Transplant	0.00323841510883474	0.00129065365538068	50	50	0.0158593506566203	0.0673671532316615
ko00340	Group	Brd__ar Transplant	-0.00645907181538814	0.00257248144358307	50	50	0.0157927196598283	0.0673671532316615
ko00140	Group	Jackson Labs	0.00385678120935722	0.00153618589880303	50	50	0.0158009810379672	0.0673671532316615
ko05142	Group	Brd__ar Transplant	-0.00159778739762332	0.000639260248810826	50	50	0.016243090726714	0.0686932471261913
ko00311	Group	Brd__ar Transplant	0.00465553515936906	0.00186413982683135	50	50	0.0163238670818166	0.0687320719234384
ko00460	Group	Har__ar Transplant	-0.0040409689708439	0.00162187097922162	50	50	0.016561315427654	0.0694273485176761
ko05211	Group	Harvard BRI	-0.0030947582661559	0.00124343505932126	50	50	0.0166703475125308	0.0695805809218677
ko00625	Group	Brd__ar Transplant	0.00551421752859792	0.00223431908583632	50	50	0.0175473417461154	0.0729240176461939
ko04626	Group	Jackson Labs	0.00504225673207984	0.00204543064118466	50	50	0.0176692213012276	0.0731140191774935
ko00621	Group	Har__ar Transplant	-0.00453639263280229	0.00184211213176262	50	50	0.0177787019848534	0.0732133886843179
ko00642	Group	Har__ar Transplant	0.00417581225314488	0.00169675192844481	50	50	0.0178457634918025	0.0732133886843179
ko00071	Group	Har__ar Transplant	-0.00315603492645948	0.00128422272101999	50	50	0.0179996341434526	0.0732188507530276
ko00072	Group	Harvard BRI	-0.00344176098778039	0.00140008412084614	50	50	0.017968560002374	0.0732188507530276
ko00550	Group	Har__ar Transplant	-0.00253102525843694	0.00103121751699733	50	50	0.0181380065211556	0.073470406161643
ko00051	Group	Brd__ar Transplant	0.00628430982978309	0.00256283353752587	50	50	0.0182404348644286	0.0735748633187034
ko04146	Group	Harvard BRI	0.00386058924051664	0.00158144822457273	50	50	0.0187317280532718	0.0746160121624106
ko03013	Group	Harvard BRI	0.00122439690976902	0.000500908994128043	50	50	0.0185876020906723	0.0746160121624106
ko00330	Group	Brd__ar Transplant	-0.0051555371667069	0.00211184672971734	50	50	0.0187284247238285	0.0746160121624106
ko00071	Group	Harvard BRI	-0.00268075505660264	0.0011049240194803	50	50	0.0194252665788313	0.0770589087424712
ko00561	Group	Brd__ar Transplant	0.00376127935800362	0.00156404330317007	50	50	0.0204533720281057	0.0804722833892682
ko05211	Group	Broad Institute	-0.00299212680674228	0.00124343505932126	50	50	0.0203797535165702	0.0804722833892682
ko00600	Group	Har__ar Transplant	-0.00653003233187125	0.00272051249295932	50	50	0.020678693620283	0.0807494346543383
ko05150	Group	Har__ar Transplant	-0.0106086998472013	0.0044202629439273	50	50	0.0206926051621611	0.0807494346543383
ko00780	Group	Brd__ar Transplant	-0.00311839774480007	0.00130023103031699	50	50	0.0207761566246058	0.0807494346543383
ko00531	Group	Jackson Labs	0.00803750610836172	0.00335472272724411	50	50	0.0208996375870369	0.0809018229175622
ko04112	Group	Jackson Labs	-0.00149037311063186	0.000623549580560721	50	50	0.0211896427813046	0.0816950083134634
ko00592	Group	Brd__ar Transplant	-0.00229668615336953	0.000962981976019765	50	50	0.021454245171678	0.0823843014592437
ko00380	Group	Jackson Labs	0.00283874041359943	0.00119291249476762	50	50	0.0217286174529559	0.0831054691427796
ko00440	Group	Broad Institute	-0.00236163872801776	0.00099448751935339	50	50	0.0219872702360476	0.0837610294706577
ko04621	Group	Harvard BRI	0.00180632306084892	0.000767782855351281	50	50	0.0231769513335375	0.0879441631628301
ko03430	Group	Har__ar Transplant	-0.00258182589412834	0.00110722240760178	50	50	0.0243526979909154	0.0920416931940111
ko00362	Group	Broad Institute	-0.0040163702682253	0.00172594363565737	50	50	0.0246278021047603	0.0927164314532151
ko03440	Group	Har__ar Transplant	-0.00336560562725277	0.00144799342709091	50	50	0.0247875067314493	0.092953150242935
ko04113	Group	Harvard BRI	0.00233316221962657	0.00100523520607394	50	49	0.02498226712404	0.0933189744711222
ko04910	Group	Harvard BRI	0.0021484206591715	0.000927369222840273	50	50	0.0252387978391592	0.0939118059131504
ko05340	Group	Harvard BRI	-0.00257862375317569	0.00111389943293976	50	50	0.0253420621418759	0.0939319677845593
ko00740	Group	Brd__ar Transplant	-0.00364300282339453	0.00157926338352143	50	50	0.0258350577891528	0.0946628071663614
ko00071	Group	Broad Institute	-0.00254944003416277	0.0011049240194803	50	50	0.025800376148482	0.0946628071663614
ko04920	Group	Brd__ar Transplant	-0.00624631404340346	0.0027075322468265	50	50	0.0258204523340362	0.0946628071663614
ko00020	Group	Harvard BRI	0.00508837357742887	0.00221642295230981	50	50	0.0265125253476096	0.0967757579228335
ko00030	Group	Harvard BRI	-0.00329369092012238	0.00143809184288041	50	50	0.0268528907584585	0.0976468754853037
ko00604	Group	Jackson Labs	0.00667704696067064	0.00291844884941271	50	50	0.0270071635919997	0.0978372718804518
ko02020	Group	Har__ar Transplant	0.0125481316861692	0.00549064385186946	50	50	0.0271663029175538	0.0980438000032017
ko03013	Group	Broad Institute	0.00113579311602827	0.000500908994128044	50	50	0.0283262335409353	0.101847131832577
ko03410	Group	Har__ar Transplant	-0.00257119194511406	0.00113547195255951	50	50	0.0285274125789745	0.102187746551551
ko00312	Group	Jackson Labs	0.00748138679569748	0.00331114570049309	50	50	0.0288592578638683	0.10299214702347
ko00401	Group	Jackson Labs	0.00319553562609902	0.00141558879992534	50	50	0.0289982015317852	0.103104716557458
ko05020	Group	Brd__ar Transplant	0.00257270573374579	0.00114686621700535	50	50	0.0299653862622533	0.106150445799864
ko00020	Group	Brd__ar Transplant	-0.00571157226574707	0.0025760872825312	50	50	0.0318258787643787	0.112326630933101
ko05010	Group	Jackson Labs	-0.00229971789076833	0.00104034528845548	50	50	0.0323135684346038	0.113630130759046
ko00523	Group	Jackson Labs	0.00277076537052849	0.00125451444481908	50	50	0.0324546463064697	0.113709709686901
ko05340	Group	Broad Institute	-0.00245673770268946	0.00111389943293976	50	50	0.0326867785628868	0.11373321116989
ko00640	Group	Harvard BRI	-0.00317535085688048	0.00143982320328657	50	50	0.0326982982113433	0.11373321116989
ko00190	Group	Har__ar Transplant	0.00533755003424848	0.00242369695829157	50	50	0.0329345473667232	0.114141391595864
ko00561	Group	Harvard BRI	-0.00295563586891972	0.00134567702696254	50	50	0.0333780039381867	0.114438870645212
ko02010	Group	Jackson Labs	0.0147974190420439	0.00673664182539406	50	50	0.0333654831831952	0.114438870645212
ko00400	Group	Brd__ar Transplant	-0.0079480517344364	0.00361577512406821	50	50	0.0332433387841285	0.114438870645212
ko02020	Group	Jackson Labs	0.0125485208293486	0.00573479046852599	50	50	0.0340135741936933	0.11620295809945
ko05215	Group	Harvard BRI	0.00158711283388467	0.000731214751912484	50	50	0.0354066014880221	0.118550627734765
ko01055	Group	Jackson Labs	0.00116232103053669	0.000534235452911781	50	50	0.0349939034137978	0.118550627734765
ko04914	Group	Harvard BRI	0.00158711283388467	0.000731214751912484	50	50	0.0354066014880221	0.118550627734765
ko04612	Group	Harvard BRI	0.00158711283388467	0.000731214751912484	50	50	0.0354066014880221	0.118550627734765
ko05111	Group	Broad Institute	0.00110459784903847	0.000507295162361077	50	50	0.0348544543595709	0.118550627734765
ko00930	Group	Harvard BRI	-0.0026383175232741	0.00121577011463254	50	50	0.0354416980832059	0.118550627734765
ko03008	Group	Broad Institute	-0.000861529788506994	0.000397294323095817	50	50	0.0355696617985237	0.118565539328412
ko00622	Group	Broad Institute	-0.00283648738876318	0.00130986922588436	50	50	0.0358142513025444	0.118967755191843
ko00300	Group	Jackson Labs	-0.00158237472362389	0.000734055239282645	50	50	0.0366195097341912	0.121223204637323
ko00260	Group	Harvard BRI	0.00242225517004581	0.00112635898252271	50	50	0.0370479862198522	0.121294376872729
ko00627	Group	Brd__ar Transplant	0.00456236218717636	0.00212113158675238	50	50	0.0370152080695785	0.121294376872729
ko00290	Group	Jackson Labs	0.0062290588675303	0.00289812114153896	50	50	0.0371464029172733	0.121294376872729
ko00330	Group	Jackson Labs	0.00474692837920551	0.00220575197068141	50	50	0.0369183949157868	0.121294376872729
ko00253	Group	Brd__ar Transplant	0.00371456116803862	0.00173768674976214	50	50	0.0381395273555451	0.124115072072282
ko00362	Group	Har__ar Transplant	-0.00427460518096091	0.00200601669710608	50	50	0.0387236491605514	0.12559021349368
ko05020	Group	Jackson Labs	0.00254618566211044	0.00119786269650642	50	50	0.039186106783191	0.126662163339607
ko04142	Group	Jackson Labs	0.00757568104815094	0.00357473616739626	50	50	0.0397507874564409	0.127623626548269
ko02010	Group	Brd__ar Transplant	0.013659174153075	0.00644984349887741	50	50	0.0398823832963339	0.127623626548269
ko05014	Group	Broad Institute	0.00263275752046685	0.00124312092592556	50	50	0.0398727048485747	0.127623626548269
ko03410	Group	Harvard BRI	-0.00206352906336993	0.000976941315002379	50	50	0.0403780440823409	0.128780472820755
ko00660	Group	Jackson Labs	0.00556515666333499	0.00263830034240774	50	50	0.0406372739364339	0.129178089334359
ko00270	Group	Jackson Labs	0.00204532969148711	0.000971024291991867	50	50	0.0409113318385643	0.129620061270699
ko00900	Group	Broad Institute	-0.00134858880938687	0.000640907662994531	50	50	0.0411106512668881	0.129823109263857
ko00910	Group	Brd__ar Transplant	-0.00324590903561636	0.0015448744016063	50	50	0.0413961916119768	0.130296209663927
ko00730	Group	Har__ar Transplant	-0.00318539439147034	0.00152060107809962	50	50	0.0419772497371249	0.131693332508627
ko00562	Group	Broad Institute	-0.0022487201570354	0.0010760474258092	50	50	0.0424494609833925	0.132090742070438
ko03060	Group	Harvard BRI	-0.00118401641730951	0.000566763354460986	50	50	0.0425167076039223	0.132090742070438
ko05200	Group	Brd__ar Transplant	-0.00197743958398236	0.000946158313676081	50	50	0.0424333845482002	0.132090742070438
ko00061	Group	Brd__ar Transplant	0.0024533934960784	0.00118260414411975	50	50	0.0439076788083855	0.13597216663242
ko00253	Group	Jackson Labs	0.00374901291124685	0.00181495461710321	50	50	0.044784507445587	0.138241566391523
ko00281	Group	Jackson Labs	-0.00350898844202456	0.00170036362584572	50	50	0.0449780707811935	0.138394063942134
ko00523	Group	Brd__ar Transplant	-0.00247372541830196	0.00120110613654168	50	50	0.045389579626157	0.139214046137734
ko00010	Group	Brd__ar Transplant	0.00605497936106304	0.00295976184436703	50	50	0.046785776154416	0.143039315631336
ko00626	Group	Brd__ar Transplant	0.00605134494646567	0.00296468229376253	50	50	0.0472625196509823	0.144038155126803
ko03060	Group	Broad Institute	-0.00115499431430098	0.000566763354460987	50	50	0.04760209426895	0.14461395727276
ko04260	Group	Harvard BRI	0.00311014766324629	0.00153872182906697	50	46	0.0493630333139025	0.149020477928762
ko00312	Group	Brd__ar Transplant	0.00640812850296684	0.00317018065138293	50	50	0.0493498592494749	0.149020477928762
ko03070	Group	Harvard BRI	0.00146662622096116	0.000727657223706325	50	50	0.0499806461021813	0.150411975730702
ko00740	Group	Har__ar Transplant	0.00316066051641544	0.00157926338352143	50	50	0.0515454667700786	0.154489228730604
ko00941	Group	Broad Institute	0.000216982203880904	0.000108472081047038	50	9	0.0516573358567957	0.154489228730604
ko00562	Group	Brd__ar Transplant	-0.00249476995603536	0.00125066025243004	50	50	0.0522861265871489	0.154921856554515
ko05219	Group	Broad Institute	0.00086302885118872	0.000432394889010241	50	16	0.0521544803339524	0.154921856554515
ko00830	Group	Harvard BRI	-0.00425727315740892	0.0021315582824268	50	50	0.0520044361262756	0.154921856554515
ko03420	Group	Harvard BRI	-0.00157379760411988	0.000789589508567059	50	50	0.0524648490090787	0.154973092457586
ko00510	Group	Brd__ar Transplant	-0.00252212915434131	0.00127486249494116	50	50	0.0541707559140587	0.159521244409498
ko00830	Group	Har__ar Transplant	-0.00489506717955806	0.00247745141675748	50	50	0.0544636862725932	0.159893390892017
ko00061	Group	Jackson Labs	0.0024276682412774	0.00123518974399116	50	50	0.0556971981146508	0.162028212697166
ko00100	Group	Har__ar Transplant	0.00257450568687063	0.00130890963890442	50	32	0.0555197801858518	0.162028212697166
ko00603	Group	Har__ar Transplant	-0.00489243283984262	0.00248808512698411	50	50	0.0555870012246253	0.162028212697166
ko00281	Group	Harvard BRI	0.00275036032510431	0.00140068213919765	50	50	0.0559167549952849	0.162175482765781
ko03008	Group	Harvard BRI	-0.000776982723701181	0.000397294323095816	50	50	0.0568706510985837	0.164445256188676
ko00362	Group	Jackson Labs	-0.00405340751260206	0.0020952161066413	50	50	0.0594850172425817	0.171488337996632
ko00521	Group	Brd__ar Transplant	-0.00272206994823346	0.0014102275428738	50	50	0.0600391664780514	0.172567664128531
ko04910	Group	Broad Institute	0.0017860326920383	0.000927369222840274	50	50	0.0605919196545942	0.173344172896523
ko00982	Group	Harvard BRI	-0.00400267965061708	0.00207898794607533	50	50	0.060670460513783	0.173344172896523
ko00980	Group	Harvard BRI	-0.00399633955497042	0.00207918773684081	50	50	0.061087485516242	0.173502917442581
ko02030	Group	Broad Institute	0.0157777486083124	0.00820643354146123	50	50	0.0610177450496925	0.173502917442581
ko00010	Group	Har__ar Transplant	-0.00567472916880062	0.00295976184436703	50	50	0.0617076745265644	0.17444076013506
ko00524	Group	Har__ar Transplant	-0.00140123516299716	0.000731055114542806	50	50	0.0617811025478337	0.17444076013506
ko00630	Group	Brd__ar Transplant	-0.00399200563112438	0.00209285761584221	50	50	0.0630040039058953	0.177371975805453
ko00540	Group	Jackson Labs	-0.0128171474149436	0.00674554184646139	50	50	0.0639865502019281	0.179611368987868
ko00312	Group	Har__ar Transplant	0.00600307601489077	0.00317018065138293	50	50	0.0648641470648709	0.181016224367082
ko00473	Group	Brd__ar Transplant	0.00290403386809604	0.00153265379430544	50	50	0.0647053318260364	0.181016224367082
ko00643	Group	Brd__ar Transplant	-0.00195116160717806	0.00103188740759123	50	50	0.065238057679118	0.181531986585372
ko01055	Group	Harvard BRI	-0.000830466635967781	0.000440078842928387	50	50	0.0657569802569753	0.181921328664831
ko03020	Group	Broad Institute	0.00401008601534723	0.00212498490117103	50	50	0.0657533058394074	0.181921328664831
